11 0.0821917808219178 0.7835616438356163 0.13972602739726026 0.05479452054794521
11 0.44691780821917804 0.7780821917808219 0.11712328767123288 0.049315068493150704
11 0.7356164383561644 0.7876712328767124 0.1273972602739727 0.04657534246575338
11 0.9684931506849316 0.7863013698630138 0.06301369863013705 0.05479452054794521
11 0.9339041095890411 0.6821917808219178 0.10068493150684929 0.03287671232876718
11 0.7458904109589041 0.6698630136986301 0.10273972602739719 0.03561643835616437
11 0.5414383561643835 0.6684931506849315 0.10068493150684937 0.043835616438356054
11 0.32465753424657534 0.6589041095890411 0.12739726027397258 0.04657534246575331
11 0.08116438356164384 0.6506849315068493 0.14589041095890412 0.04657534246575344
10 0.06575342465753424 0.6054794520547945 0.06780821917808219 0.5589041095890411 0.05547945205479452 0.5013698630136987 0.034931506849315064 0.47945205479452047 0.002054794520547945 0.4602739726027397 0.0 0.16164383561643836 0.0410958904109589 0.1780821917808219 0.06986301369863013 0.2 0.08013698630136985 0.23561643835616441 0.10890410958904109 0.25753424657534246 0.13561643835616438 0.2191780821917808 0.18493150684931506 0.2219178082191781 0.19726027397260273 0.2547945205479452 0.21575342465753425 0.2876712328767123 0.2280821917808219 0.273972602739726 0.24863013698630135 0.27123287671232876 0.2876712328767123 0.2547945205479452 0.31232876712328766 0.2821917808219178 0.30205479452054795 0.3232876712328767 0.28356164383561644 0.3698630136986301 0.21780821917808219 0.4410958904109589 0.18904109589041096 0.4301369863013699 0.17260273972602738 0.45205479452054786 0.13561643835616438 0.5178082191780822 0.09452054794520548 0.5315068493150685 0.08835616438356164 0.6136986301369863
10 0.36164383561643837 0.6164383561643836 0.3780821917808219 0.5643835616438356 0.34726027397260273 0.5260273972602739 0.336986301369863 0.4958904109589042 0.3205479452054794 0.5178082191780822 0.3061643835616438 0.4876712328767123 0.2958904109589041 0.4602739726027397 0.2917808219178082 0.4191780821917808 0.34520547945205476 0.410958904109589 0.36575342465753424 0.4136986301369863 0.3780821917808219 0.3863013698630137 0.39863013698630134 0.3643835616438356 0.4191780821917808 0.3698630136986301 0.45205479452054786 0.39452054794520547 0.4664383561643836 0.4219178082191781 0.46849315068493147 0.4493150684931507 0.486986301369863 0.4465753424657535 0.4726027397260274 0.3917808219178082 0.49931506849315066 0.38904109589041097 0.523972602739726 0.3972602739726028 0.5342465753424658 0.3698630136986301 0.5506849315068493 0.3506849315068493 0.5424657534246575 0.3095890410958904 0.5835616438356164 0.2958904109589041 0.6164383561643836 0.3287671232876712 0.6472602739726027 0.27123287671232876 0.6780821917808219 0.26575342465753427 0.6863013698630137 0.3315068493150685 0.6924657534246577 0.3780821917808219 0.7335616438356163 0.3232876712328767 0.7561643835616438 0.3232876712328767 0.7623287671232876 0.36164383561643837 0.7910958904109588 0.3726027397260274 0.8280821917808219 0.3589041095890411 0.856849315068493 0.34520547945205476 0.856849315068493 0.3643835616438356 0.8732876712328766 0.39452054794520547 0.8897260273972603 0.37534246575342467 0.9041095890410957 0.336986301369863 0.9205479452054794 0.3232876712328767 0.934931506849315 0.3178082191780822 0.934931506849315 0.35342465753424657 0.9657534246575342 0.3589041095890411 0.9904109589041096 0.33972602739726027 0.9924657534246575 0.5506849315068493 0.973972602739726 0.5671232876712329 0.9575342465753426 0.5616438356164384 0.9267123287671233 0.5452054794520548 0.8897260273972603 0.6164383561643836 0.8835616438356165 0.6575342465753424 0.8589041095890412 0.6657534246575342 0.856849315068493 0.6273972602739726 0.8342465753424658 0.6 0.821917808219178 0.5780821917808219 0.7993150684931507 0.5534246575342465 0.7746575342465754 0.5287671232876713 0.7397260273972602 0.5287671232876713 0.7315068493150686 0.5068493150684932 0.7068493150684931 0.4876712328767123 0.6924657534246577 0.5150684931506849 0.6636986301369862 0.5315068493150685 0.6513698630136986 0.547945205479452 0.643150684931507 0.5671232876712329 0.643150684931507 0.6027397260273972 0.6472602739726027 0.6356164383561644 0.6410958904109588 0.6493150684931507 0.6226027397260274 0.6438356164383562 0.6226027397260274 0.6054794520547945 0.6123287671232877 0.5780821917808219 0.6123287671232877 0.5616438356164384 0.6020547945205479 0.5424657534246575 0.5815068493150685 0.5287671232876713 0.5363013698630137 0.5095890410958904 0.5178082191780822 0.4958904109589042 0.5157534246575343 0.5342465753424658 0.5054794520547945 0.5698630136986301 0.5013698630136986 0.589041095890411 0.46438356164383554 0.5945205479452055 0.4438356164383562 0.5808219178082191 0.42534246575342466 0.5643835616438356 0.42123287671232873 0.5917808219178082 0.40479452054794524 0.5972602739726027 0.38835616438356163 0.5972602739726027
