0 0.34726027397260273 0.9835616438356163 0.40890410958904105 0.7835616438356164 0.46232876712328763 0.663013698630137 0.45410958904109594 0.6356164383561644 0.4273972602739725 0.6328767123287671 0.25730027915054493 0.6943238976278707 0.010273972602739725 0.7835616438356164 0.00821917808219178 0.9863013698630136
0 0.671917808219178 0.8219178082191781 0.7869863013698631 0.7890410958904109 0.7191780821917808 0.7561643835616438 0.6892711081971441 0.7617470187073094 0.6164383561643836 0.7753424657534247
0 0.9924657534246575 0.726027397260274 0.7684931506849315 0.673972602739726 0.6226027397260274 0.6438356164383562 0.6267123287671232 0.6246575342465753 0.7006849315068493 0.6191780821917808 0.9883561643835616 0.6301369863013698
0 0.5712328767123287 0.736986301369863 0.6472602739726027 0.7287671232876712 0.6349315068493151 0.7013698630136986 0.5527397260273973 0.7041095890410959
0 0.2363013698630137 0.684931506849315 0.24041095890410957 0.39452054794520547 0.20136986301369858 0.3315068493150685 0.18904109589041096 0.3178082191780822 0.14178082191780822 0.28493150684931506 0.1273972602739726 0.2219178082191781 0.11095890410958904 0.16986301369863013 0.0061643835616438354 0.1232876712328767 0.0061643835616438354 0.04657534246575343 0.022602739726027398 0.0273972602739726 0.08835616438356164 0.07397260273972603 0.07397260273972603 0.00821917808219178 0.5034246575342466 0.005479452054794521 0.4828767123287671 0.049315068493150684 0.45410958904109594 0.0273972602739726 0.4191780821917808 0.07123287671232877 0.38630136986301367 0.06301369863013699 0.32671232876712325 0.11506849315068493 0.2794520547945205 0.1589041095890411 0.30205479452054795 0.18082191780821918 0.32671232876712325 0.1780821917808219 0.35547945205479453 0.13150684931506848 0.38835616438356163 0.13150684931506848 0.42534246575342466 0.1863013698630137 0.45410958904109594 0.20821917808219179 0.4828767123287671 0.25753424657534246 0.49931506849315066 0.3287671232876712 0.46849315068493147 0.38904109589041097 0.5404109589041096 0.38904109589041097 0.5363013698630137 0.33972602739726027 0.5486301369863014 0.2958904109589041 0.5938356164383561 0.29863013698630136 0.6061643835616438 0.33424657534246577 0.6308219178082192 0.3178082191780822 0.5938356164383561 0.1917808219178082 0.5917808219178082 0.13150684931506848 0.5465753424657535 0.10410958904109589 0.5445205479452054 0.07123287671232877 0.5732876712328767 0.03287671232876712 0.6143835616438356 0.0821917808219178 0.6513698630136986 0.10410958904109589 0.7006849315068493 0.09041095890410959 0.7130136986301369 0.14794520547945206 0.7006849315068493 0.18082191780821918 0.7212328767123287 0.2410958904109589 0.7109589041095891 0.273972602739726 0.6883561643835617 0.30684931506849317 0.6924657534246577 0.7397260273972602 0.6760273972602738 0.7424657534246575 0.6554794520547945 0.41643835616438357 0.6184931506849315 0.40821917808219177 0.6082191780821917 0.4328767123287671 0.6143835616438356 0.6904109589041095 0.5938356164383561 0.6958904109589041 0.5815068493150685 0.5150684931506849 0.5691780821917808 0.5205479452054794 0.5691780821917808 0.6794520547945205 0.5321917808219178 0.6575342465753424 0.523972602739726 0.6082191780821918 0.49931506849315066 0.6191780821917808 0.4828767123287671 0.6136986301369863 0.4767123287671232 0.5643835616438356 0.4458904109589041 0.5287671232876713 0.43767123287671234 0.6136986301369863 0.4232876712328767 0.6246575342465753 0.4191780821917808 0.5506849315068493 0.40890410958904105 0.5506849315068493 0.413013698630137 0.6246575342465753 0.39452054794520547 0.6246575342465753 0.3904109589041096 0.5095890410958904 0.3678082191780822 0.5041095890410959 0.3719178082191781 0.6356164383561644 0.3493150684931507 0.6356164383561644 0.34520547945205476 0.3835616438356164 0.3205479452054794 0.36164383561643837 0.2794520547945205 0.34520547945205476 0.27534246575342464 0.6684931506849315
0 0.934931506849315 0.5917808219178082 0.8773972602739726 0.5452054794520548 0.8280821917808219 0.6 0.8198630136986301 0.5726027397260275 0.7849315068493151 0.6027397260273972 0.7849315068493151 0.5671232876712329 0.7664383561643835 0.5671232876712329 0.7068493150684931 0.4849315068493151 0.7458904109589041 0.4602739726027397 0.7664383561643835 0.4301369863013699 0.7643835616438356 0.3232876712328767 0.7787671232876712 0.2876712328767123 0.7993150684931507 0.38082191780821917 0.7952054794520548 0.27945205479452057 0.7869863013698631 0.1232876712328767 0.7910958904109588 0.08767123287671233 0.8034246575342465 0.043835616438356165 0.8198630136986301 0.019178082191780823 0.9965753424657534 0.00821917808219178 0.9924657534246575 0.4739726027397261 0.9657534246575342 0.5616438356164384 0.9636986301369863 0.6136986301369863
1 0.6390410958904109 0.8 0.5342465753424658 0.673972602739726 0.5280821917808219 0.6410958904109588 0.5979452054794521 0.6301369863013698 0.643150684931507 0.6465753424657534 0.9554794520547945 0.7397260273972602 0.9883561643835616 0.7397260273972602 0.9924657534246575 0.9863013698630136 0.8527397260273972 0.9835616438356163
3 0.34726027397260273 0.9972602739726029 0.4171232876712329 0.7726027397260274 0.46849315068493147 0.6328767123287671 0.523972602739726 0.6356164383561644 0.6143835616438356 0.7561643835616438 0.8445205479452055 0.9917808219178084
4 0.75 0.5205479452054795 0.09041095890410958 0.6465753424657535
4 0.3267123287671233 0.39315068493150684 0.10684931506849313 0.6273972602739726
