0 0.28561643835616435 0.5575342465753425 0.06986301369863014 0.06849315068493154
0 0.027739726027397257 0.8164383561643836 0.04726027397260274 0.1534246575342466
0 0.35547945205479453 0.5068493150684931 0.03287671232876718 0.03835616438356162
2 0.9636986301369863 0.4410958904109589 0.4787671232876713 0.4054794520547945 0.49109589041095886 0.32602739726027397 0.6616438356164384 0.2273972602739726 0.6678082191780823 0.16164383561643836 0.939041095890411 0.0 0.9924657534246575 0.0
2 0.14383561643835616 0.4958904109589042 0.17054794520547945 0.49863013698630143 0.24863013698630135 0.45205479452054786 0.23219178082191777 0.3780821917808219 0.13972602739726026 0.40821917808219177
1 0.3904109589041096 0.4767123287671232 0.4294520547945206 0.4684931506849315 0.4664383561643836 0.9808219178082191 0.028767123287671233 0.9808219178082191
4 0.034931506849315064 0.9342465753424659 0.06575342465753424 0.13150684931506845
4 0.2773972602739726 0.5739726027397261 0.08219178082191782 0.1506849315068493
4 0.3534246575342466 0.5178082191780821 0.03698630136986303 0.0767123287671233
4 0.37602739726027395 0.3356164383561644 0.041095890410958874 0.38082191780821917
