0 0.675955414012739 0.6210191082802548 0.6353503184713376 0.589171974522293 0.5947452229299363 0.5286624203821656 0.5469745222929936 0.4713375796178344 0.535031847133758 0.4267515923566879 0.4609872611464968 0.37579617834394907 0.5111464968152866 0.3471337579617834 0.5207006369426751 0.29936305732484075 0.5828025477707006 0.2802547770700637 0.6425159235668789 0.2929936305732484 0.7547770700636943 0.4267515923566879 0.7404458598726115 0.4713375796178344 0.6998407643312102 0.5159235668789809
0 0.5159235668789809 0.6560509554140127 0.5278662420382165 0.589171974522293 0.5398089171974522 0.5445859872611465 0.589968152866242 0.5477707006369427 0.6019108280254777 0.6019108280254777 0.5636942675159236 0.6528662420382164
0 0.051353503184713364 0.4378980891719745 0.09792993630573246 0.1624203821656051
0 0.1683917179114541 0.44745203584609883 0.09792993630573248 0.14331210191082797
0 0.28304140127388533 0.4824840764331211 0.07404458598726112 0.14331210191082797
0 0.3678343949044586 0.5063694267515924 0.05732484076433124 0.12101910828025474
2 0.8671232876712328 0.5698630136986301 0.6575342465753424 0.5753424657534246 0.673972602739726 0.5068493150684932 0.8589041095890412 0.43561643835616437
2 0.03287671232876712 0.6082191780821918 0.42534246575342466 0.5698630136986301 0.413013698630137 0.536986301369863 0.02054794520547945 0.4547945205479452
1 0.5773972602739725 0.6684931506849315 0.6041095890410959 0.5753424657534246 0.6616438356164384 0.5726027397260274 0.8404109589041096 0.6684931506849315 0.7376712328767124 0.6684931506849315 0.6554794520547945 0.6767123287671233
4 0.5465753424657533 0.39315068493150684 0.06164383561643824 0.5178082191780821
