0 0.7982876712328768 0.7397260273972602 0.12123287671232873 0.10958904109589042
0 0.635958904109589 0.6479452054794521 0.11712328767123296 0.07397260273972599
0 0.9695205479452055 0.7479452054794521 0.06095890410958901 0.16986301369863013
0 0.3226027397260274 0.7479452054794521 0.11917808219178085 0.03835616438356155
0 0.5527397260273973 0.6328767123287671 0.4397260273972602 0.5863013698630137 0.4561643835616438 0.5671232876712329 0.5537497848060795 0.6054676471311576
0 0.10273972602739725 0.936986301369863 0.10068493150684932 0.31232876712328766 0.13356164383561644 0.1917808219178082 0.20753424657534242 0.3506849315068493 0.27534246575342464 0.4191780821917808 0.2815068493150685 0.736986301369863 0.31438356164383563 0.7287671232876712 0.3082191780821918 0.5232876712328767 0.34520547945205476 0.6520547945205479 0.3513698630136986 0.5780821917808219 0.35753424657534244 0.5095890410958904 0.3780821917808219 0.5643835616438356 0.40273972602739727 0.5945205479452055 0.4171232876712329 0.5863013698630137 0.4397260273972602 0.5643835616438356 0.4458904109589041 0.5232876712328767 0.45410958904109594 0.4465753424657535 0.4664383561643836 0.4136986301369863 0.47054794520547943 0.336986301369863 0.4664383561643836 0.26301369863013696 0.4726027397260274 0.13424657534246576 0.5054794520547945 0.0410958904109589 0.49931506849315066 0.00821917808219178 0.06986301369863013 0.0 0.02054794520547945 0.021917808219178082 0.06575342465753424 0.0684931506849315 0.045205479452054796 0.12602739726027398 0.002054794520547945 0.052054794520547946 0.00410958904109589 0.9917808219178084 0.09657534246575342 0.9835616438356163
2 0.9801369863013698 0.4767123287671232 0.49109589041095886 0.5753424657534246 0.4890410958904109 0.5041095890410959 0.5260273972602739 0.4602739726027397 0.5363013698630137 0.5068493150684932 0.6287671232876713 0.4602739726027397 0.6308219178082192 0.3506849315068493 0.7417808219178081 0.30684931506849317 0.7458904109589041 0.3863013698630137 0.9863013698630136 0.30684931506849317
1 0.8897260273972603 0.9917808219178084 0.44178082191780826 0.5835616438356165 0.4171232876712329 0.589041095890411 0.410958904109589 0.7452054794520548 0.21369863013698626 0.7616438356164383 0.08835616438356164 0.8986301369863015 0.09041095890410959 0.9917808219178084
4 0.24246575342465754 0.7287671232876712 0.06986301369863018 0.17534246575342466
4 0.336986301369863 0.5164383561643835 0.049315068493150704 0.4301369863013699
