0 0.3410958904109589 0.2191780821917808 0.3410958904109589 0.25753424657534246 0.36575342465753424 0.31232876712328766 0.3226027397260274 0.30684931506849317 0.30205479452054795 0.33424657534246577 0.28561643835616435 0.3863013698630137 0.3205479452054794 0.4383561643835616 0.3493150684931507 0.45205479452054786 0.3678082191780822 0.4958904109589042 0.38424657534246576 0.47123287671232883 0.39246575342465756 0.4383561643835616 0.4438356164383562 0.39452054794520547 0.4397260273972602 0.36712328767123287 0.413013698630137 0.2958904109589041 0.39657534246575343 0.2410958904109589 0.3821917808219178 0.2219178082191781
0 0.5198630136986301 0.4328767123287671 0.4972602739726027 0.4 0.5013698630136986 0.34520547945205476 0.5321917808219178 0.31232876712328766 0.5424657534246575 0.31232876712328766 0.558904109589041 0.33972602739726027 0.563013698630137 0.37534246575342467 0.5568493150684931 0.41643835616438357
0 0.976027397260274 0.536986301369863 0.9821917808219177 0.4602739726027397 0.9308219178082191 0.45205479452054786 0.8917808219178082 0.4438356164383562 0.863013698630137 0.4383561643835616 0.8486301369863013 0.36712328767123287 0.860958904109589 0.3178082191780822 0.8671232876712328 0.26301369863013696 0.8917808219178082 0.23561643835616441 0.897945205479452 0.19726027397260273 0.9226027397260274 0.06575342465753424 0.9184931506849314 0.005479452054794521 0.9924657534246575 0.01643835616438356 0.9883561643835616 0.5643835616438356
2 0.010273972602739725 0.547945205479452 0.5075342465753424 0.5205479452054794 0.5198630136986301 0.410958904109589 0.014383561643835616 0.33972602739726027
2 0.9164383561643835 0.5205479452054794 0.7130136986301369 0.5205479452054794 0.7253424657534246 0.39452054794520547 0.8671232876712328 0.3561643835616438 0.9493150684931506 0.4410958904109589
1 0.08013698630136985 0.6191780821917808 0.2773972602739726 0.5753424657534246 0.2198630136986301 0.5534246575342465 0.0636986301369863 0.5835616438356165
1 0.9904109589041096 0.7068493150684931 0.8445205479452055 0.5315068493150685 0.8897260273972603 0.5205479452054794 0.9965753424657534 0.5643835616438356
3 0.5815068493150685 0.9698630136986301 0.7972602739726027 0.5424657534246575 0.854794520547945 0.5287671232876713 0.9780821917808218 0.7534246575342466 0.9780821917808218 0.9835616438356163
4 0.29897260273972603 0.3506849315068493 0.09246575342465743 0.3506849315068494
4 0.8928082191780818 0.3136986301369864 0.12945205479452002 0.5671232876712331
