0 0.10068493150684932 0.7452054794520548 0.04726027397260274 0.7506849315068493 0.022602739726027398 0.7178082191780822 0.11301369863013697 0.6191780821917808 0.15 0.6027397260273972 0.22397260273972602 0.5643835616438356 0.2773972602739726 0.5698630136986301 0.32671232876712325 0.6027397260273972 0.37602739726027395 0.6547945205479452 0.3719178082191781 0.7013698630136986 0.3308219178082192 0.7287671232876712 0.24041095890410957 0.7534246575342466 0.14178082191780822 0.7616438356164383
0 0.8732876712328766 0.5589041095890411 0.8732876712328766 0.4383561643835616 0.8527397260273972 0.39452054794520547 0.7849315068493151 0.4136986301369863 0.7623287671232876 0.4657534246575342 0.7582191780821916 0.5260273972602739 0.7376712328767124 0.49863013698630143 0.7376712328767124 0.4438356164383562 0.6801369863013699 0.4410958904109589 0.6801369863013699 0.49863013698630143 0.6678082191780823 0.5123287671232877 0.6595890410958902 0.4767123287671232 0.6328767123287671 0.4438356164383562 0.6226027397260274 0.4876712328767123 0.6184931506849315 0.3726027397260274 0.6164383561643836 0.3287671232876712 0.5671232876712329 0.3095890410958904 0.5527397260273973 0.3561643835616438 0.5568493150684931 0.4876712328767123 0.5404109589041096 0.5041095890410959 0.5321917808219178 0.3835616438356164 0.5321917808219178 0.33972602739726027 0.4849315068493151 0.3232876712328767 0.4397260273972602 0.3013698630136986 0.4232876712328767 0.25753424657534246 0.42534246575342466 0.16986301369863013 0.4294520547945206 0.11506849315068493 0.4746575342465753 0.07671232876712329 0.5075342465753424 0.06027397260273973 0.5732876712328767 0.07123287671232877 0.6102739726027397 0.08493150684931507 0.6554794520547945 0.10410958904109589 0.6883561643835617 0.13972602739726028 0.6842465753424656 0.1917808219178082 0.7130136986301369 0.2136986301369863 0.7335616438356163 0.18082191780821918 0.7376712328767124 0.1095890410958904 0.7664383561643835 0.11232876712328768 0.8075342465753423 0.07671232876712329 0.8897260273972603 0.07123287671232877 0.934931506849315 0.0547945205479452 0.976027397260274 0.09315068493150686 0.9965753424657534 0.11506849315068493 0.9945205479452054 0.3561643835616438 0.9616438356164383 0.3780821917808219 0.9226027397260274 0.36712328767123287 0.8917808219178082 0.4054794520547945 0.8917808219178082 0.5452054794520548
0 0.4746575342465753 0.5561643835616439 0.45410958904109594 0.4931506849315068 0.4828767123287671 0.4739726027397261 0.5157534246575343 0.4821917808219178 0.560958904109589 0.5397260273972603
2 0.9410958904109589 0.536986301369863 0.6226027397260274 0.5013698630136987 0.6205479452054794 0.4493150684931507 0.9883561643835616 0.38082191780821917 0.9965753424657534 0.4767123287671232
1 0.002054794520547945 0.7835616438356164 0.15 0.8246575342465754 0.3102739726027397 0.7917808219178082 0.38835616438356163 0.7561643835616438 0.7130136986301369 0.989041095890411 0.0061643835616438354 0.9863013698630136
1 0.8856164383561643 0.6958904109589041 0.9513698630136986 0.663013698630137 0.934931506849315 0.6054794520547945 0.6184931506849315 0.5068493150684932 0.5897260273972602 0.5150684931506849 0.6102739726027397 0.5726027397260274 0.4972602739726027 0.5753424657534246 0.6267123287671232 0.6356164383561644
4 0.9695205479452055 0.5876712328767124 0.06095890410958901 0.26027397260273977
4 0.2568493150684931 0.29726027397260274 0.057534246575342465 0.5835616438356165
4 0.5763698630136985 0.29315068493150676 0.05958904109589018 0.5534246575342464
4 0.5239726027397259 0.49041095890410924 0.03287671232876712 0.043835616438356304
