0 0.3636986301369863 0.8356164383561644 0.3801369863013699 0.8301369863013699 0.3061643835616438 0.8328767123287671 0.32465753424657534 0.736986301369863 0.36164383561643837 0.6410958904109588 0.4335616438356164 0.7123287671232876
0 0.5136986301369862 0.673972602739726 0.5506849315068493 0.673972602739726 0.5527397260273973 0.6273972602739726 0.5198630136986301 0.6109589041095891
0 0.5845890410958904 0.6164383561643835 0.02671232876712331 0.027397260273972605
0 0.08527397260273972 0.6082191780821918 0.06780821917808218 0.14246575342465753
0 0.21164383561643835 0.6027397260273972 0.05342465753424655 0.10958904109589035
0 0.2835616438356164 0.6054794520547945 0.041095890410958874 0.08219178082191775
0 0.3852739726027397 0.5972602739726027 0.09246575342465761 0.0438356164383562
2 0.9143835616438356 0.6520547945205479 0.6863013698630137 0.589041095890411 0.6801369863013699 0.40273972602739727 0.9924657534246575 0.13972602739726028 0.9863013698630136 0.6383561643835617
1 0.23424657534246573 0.9753424657534246 0.5773972602739725 0.6438356164383562 0.6595890410958902 0.6 0.7047945205479452 0.6027397260273972 0.9883561643835616 0.7506849315068493 0.9883561643835616 0.9780821917808218
4 0.36267123287671227 0.8027397260273972 0.11712328767123288 0.19178082191780832
4 0.5414383561643835 0.6547945205479452 0.039041095890410916 0.09315068493150676
