0 0.41460646834724796 0.5722623003971792 0.39758450190483896 0.5657777417524519 0.3927210829212936 0.5463240658182702 0.3927210829212936 0.4976898759828159 0.3854259544459755 0.45878252411445236 0.3489503120693847 0.45878252411445236 0.333144200372862 0.4377077085190889 0.33800761935640744 0.4085271946178162 0.35138202156115744 0.3971792169895436 0.3671881332576801 0.40528491529545263 0.38177839020831633 0.4085271946178162 0.40001621139661175 0.3793466807165437 0.4267650158061116 0.3728621220718164 0.43527599902731606 0.3923157980059982 0.4583772391991569 0.3728621220718164 0.48026262462511143 0.35989300478236186 0.5191699764934748 0.36637756342708916 0.5422712166653155 0.38907351868363454 0.5592931831077246 0.40528491529545263 0.5665883115830427 0.427980870551998 0.5799627137877927 0.46688822242036143 0.5811785685336791 0.49606873632163406 0.5738834400583609 0.5187646915781794 0.5714517305665883 0.5447029261570884 0.5544297641241792 0.5673988814136337 0.5288968144605657 0.5609143227689065 0.5143065575099294 0.5706411607359974 0.49606873632163406 0.547945205479452 0.49606873632163406 0.5236281105617248 0.4741833508956796 0.5155224122558157 0.45959309394504333 0.5284915295452702 0.45716138445327054 0.5544297641241792 0.43162843478965707 0.5609143227689065
0 0.6881737861716786 0.5463240658182702 0.6407554510821104 0.5447029261570884 0.6152225014184971 0.5333549485288157 0.6042798087055199 0.5252492502229066 0.5957688254843154 0.513901272594634 0.5969846802302017 0.487963038015725 0.59090540650077 0.4733727810650887 0.59090540650077 0.45554024479208877 0.6079273729431789 0.4441922671638161 0.5811785685336791 0.4296020102131798 0.5848261327713382 0.4166328929237253 0.6018480992137472 0.3971792169895436 0.6164383561643835 0.3793466807165437 0.6018480992137472 0.37124098241063463 0.6310286131150198 0.3534084461376347 0.6371078868444515 0.3388181891869984 0.6541298532868605 0.32747021155872574 0.6845262219340195 0.31450109426927125 0.7088433168517466 0.3063953959633622 0.740455540244792 0.308016535624544 0.7550457971954282 0.2950474183350895 0.7672043446542918 0.32422793223636215 0.7757153278754962 0.3469238874929075 0.7951690038096779 0.3631352841047255 0.8000324227932235 0.3793466807165437 0.7781470373672691 0.3842100997000891 0.7635567804166327 0.38907351868363454 0.7915214395720188 0.40528491529545263 0.7963848585555644 0.4247385912296344 0.8024641322849962 0.44419226716381593 0.8182702439815188 0.44257112750263433 0.8207019534732916 0.4571613844532706 0.8061116965226554 0.4733727810650887 0.8000324227932235 0.49282645699927047 0.8048958417767689 0.5122801329334522 0.8134068249979733 0.5333549485288156 0.8632568695793141 0.5414606468347247 0.7805787468590417 0.5511874848018156 0.7392396854989056 0.5544297641241792 0.740455540244792 0.4441922671638161 0.7185701548188377 0.4506768258085433 0.7173543000729511 0.5284915295452702 0.710059171597633 0.5252492502229066 0.7015481883764285 0.5349760881899975
0 0.363540569020021 0.5414606468347247 0.0024317094917727156 0.58198913836427 0.0024317094917727156 0.547945205479452 0.06565615627786332 0.5414606468347247 0.06687201102374968 0.5122801329334522 0.04377077085190888 0.49606873632163406 0.0012158547458863559 0.4895841776769068 0.0012158547458863559 0.45878252411445236 0.0024317094917727135 0.3566507254599983 0.0231012401718408 0.3793466807165437 0.02431709491772716 0.4328442895355434 0.04741833508956795 0.4296020102131799 0.0547134635648861 0.4312231498743616 0.06322444678609061 0.4360865688579071 0.06200859204020426 0.462024803436816 0.0778147037367269 0.4717516414039069 0.09970008916268135 0.4782362000486341 0.11915376509686308 0.4685093620815433 0.13374402204749936 0.45554024479208877 0.16292453594877196 0.4474345464861797 0.17751479289940825 0.4328442895355434 0.19453675934181727 0.4101483342789981 0.22128556375131717 0.40690605495663446 0.23222825646429437 0.4263597308908162 0.2504660776525897 0.4328442895355434 0.2674880440949987 0.4312231498743616 0.28451001053740776 0.4393288481802707 0.3112588149469076 0.44257112750263433 0.3234173624057712 0.45229796546972517 0.3367917646105212 0.462024803436816 0.333144200372862 0.48309961903217963 0.3367917646105212 0.513901272594634 0.3319283456269757 0.5333549485288157 0.34530274783172565 0.49931101564399766 0.36232471427413465 0.5041744346275431 0.36840398800356644 0.5106589932722704
2 0.8095890410958905 0.5123287671232877 0.7808219178082192 0.3863013698630137 0.782876712328767 0.28493150684931506 0.9061643835616437 0.22465753424657536 0.9431506849315068 0.47123287671232883 0.9431506849315068 0.5424657534246575
1 0.00410958904109589 0.9917808219178084 0.9883561643835616 0.9917808219178084 0.9883561643835616 0.6520547945205479 0.5116438356164383 0.663013698630137 0.33493150684931505 0.6794520547945205 0.13561643835616438 0.7013698630136986 0.00410958904109589 0.7068493150684931
1 0.3595890410958904 0.5780821917808219 0.4828767123287671 0.6027397260273973 0.5363013698630137 0.5917808219178082 0.7458904109589041 0.6 0.6287671232876713 0.5287671232876713 0.5773972602739725 0.536986301369863 0.5671232876712329 0.5643835616438356
4 0.03184931506849315 0.5328767123287672 0.05136986301369863 0.40273972602739727
4 0.3904109589041096 0.41506849315068495 0.08219178082191782 0.39178082191780833
4 0.4982876712328767 0.47808219178082195 0.047260273972602816 0.17260273972602738
4 0.5589041095890411 0.5164383561643835 0.04109589041095894 0.17260273972602738
4 0.7335616438356163 0.5150684931506849 0.028767123287671125 0.15890410958904114
