0 0.9904109589041096 0.8821917808219178 0.5136986301369862 0.821917808219178 0.5034246575342466 0.7452054794520548 0.558904109589041 0.7342465753424657 0.6041095890410959 0.736986301369863 0.9842465753424657 0.7726027397260274
0 0.4458904109589041 0.7863013698630137 0.4952054794520548 0.7342465753424657 0.5178082191780822 0.6356164383561644 0.5116438356164383 0.5917808219178082 0.49109589041095886 0.5780821917808219 0.5013698630136986 0.547945205479452 0.4602739726027397 0.5150684931506849 0.4931506849315068 0.4931506849315068 0.49109589041095886 0.4493150684931507 0.4561643835616438 0.4438356164383562 0.4397260273972602 0.38082191780821917 0.40273972602739727 0.38904109589041097 0.37602739726027395 0.3972602739726028 0.36575342465753424 0.4328767123287671 0.35342465753424657 0.4438356164383562 0.3308219178082192 0.46301369863013697 0.3513698630136986 0.5095890410958904 0.3205479452054794 0.5424657534246575 0.3184931506849315 0.5753424657534246 0.32671232876712325 0.6082191780821918 0.3390410958904109 0.6246575342465753 0.3308219178082192 0.6383561643835617 0.2958904109589041 0.6410958904109588 0.26301369863013696 0.6575342465753424 0.2568493150684931 0.6904109589041095 0.2815068493150685 0.7178082191780822 0.3102739726027397 0.7178082191780822 0.3390410958904109 0.726027397260274 0.413013698630137 0.7178082191780822 0.40684931506849314 0.7589041095890411 0.4232876712328767 0.7753424657534247
0 0.6462328767123288 0.4506849315068493 0.24452054794520556 0.5397260273972603
0 0.06472602739726027 0.667123287671233 0.08013698630136985 0.16164383561643839
0 0.1448630136986301 0.6328767123287672 0.07602739726027398 0.19178082191780824
2 0.010273972602739725 0.7123287671232876 0.2917808219178082 0.7068493150684931 0.2773972602739726 0.6712328767123288 0.00410958904109589 0.6164383561643836
1 0.9924657534246575 0.9863013698630136 0.9904109589041096 0.8876712328767123 0.5013698630136986 0.8164383561643835 0.31643835616438354 0.8164383561643835 0.014383561643835616 0.9698630136986301 0.010273972602739725 0.9863013698630136
4 0.2167808219178082 0.8191780821917809 0.06780821917808218 0.1863013698630138
4 0.3061643835616438 0.4876712328767123 0.0698630136986301 0.7945205479452055
4 0.5260273972602739 0.6643835616438356 0.05342465753424669 0.3095890410958904
