0 0.7315068493150685 0.9917808219178084 0.6657534246575342 0.9616438356164384 0.6657534246575342 0.915068493150685 0.7191780821917808 0.8712328767123287 0.856849315068493 0.9479452054794522 0.8404109589041096 0.9863013698630136
0 0.5445205479452054 0.8794520547945206 0.5013698630136986 0.8602739726027397 0.4890410958904109 0.8273972602739726 0.5465753424657535 0.8164383561643835 0.5917808219178082 0.8602739726027397
0 0.44794520547945205 0.8273972602739726 0.2794520547945205 0.726027397260274 0.3061643835616438 0.7178082191780822 0.4849315068493151 0.8054794520547945
0 0.8876712328767123 0.7589041095890411 0.8116438356164383 0.7452054794520548 0.8075342465753423 0.6958904109589041 0.8602708942588887 0.701874711405264 0.9041095890410957 0.7068493150684931
0 0.7438356164383562 0.7287671232876712 0.6904109589041095 0.7287671232876712 0.6821917808219178 0.7178082191780822 0.6842465753424656 0.7068493150684931 0.752272761674109 0.708535533187013
0 0.636986301369863 0.7287671232876712 0.4602739726027397 0.7123287671232876 0.46849315068493147 0.6958904109589041 0.6616438356164384 0.7041095890410959
0 0.41506849315068484 0.7178082191780822 0.336986301369863 0.7068493150684931 0.34520547945205476 0.6904109589041095 0.4162791204955938 0.6986214117441755
0 0.22397260273972602 0.7479452054794521 0.2198630136986301 0.6794520547945205 0.18493150684931506 0.6410958904109588 0.1643835616438356 0.684931506849315 0.13972602739726026 0.6410958904109588 0.13150684931506848 0.5917808219178082 0.11506849315068493 0.5315068493150685 0.12123287671232877 0.4602739726027397 0.11712328767123287 0.4273972602739726 0.06575342465753424 0.410958904109589 0.0061643835616438354 0.36712328767123287 0.014383561643835616 0.2958904109589041 0.00821917808219178 0.005479452054794521 0.39863013698630134 0.0273972602739726 0.38835616438356163 0.10410958904109589 0.3801369863013699 0.14794520547945206 0.413013698630137 0.19726027397260273 0.46849315068493147 0.15616438356164383 0.5013698630136986 0.20273972602739726 0.48082191780821915 0.29041095890410956 0.4397260273972602 0.29041095890410956 0.45410958904109594 0.336986301369863 0.4397260273972602 0.38904109589041097 0.4171232876712329 0.4191780821917808 0.3636986301369863 0.4931506849315068 0.3904109589041096 0.5397260273972603 0.41506849315068484 0.536986301369863 0.45821917808219176 0.5150684931506849 0.4849315068493151 0.5534246575342465 0.523972602739726 0.547945205479452 0.5568493150684931 0.5150684931506849 0.5815068493150685 0.5041095890410959 0.5547945205479452 0.4547945205479452 0.560958904109589 0.4219178082191781 0.5753424657534246 0.410958904109589 0.5527397260273973 0.36712328767123287 0.5773972602739725 0.3424657534246575 0.5876712328767123 0.30684931506849317 0.5917808219178082 0.25753424657534246 0.6205479452054794 0.26301369863013696 0.6575342465753424 0.2136986301369863 0.6986301369863014 0.18082191780821918 0.7191780821917808 0.2136986301369863 0.7746575342465754 0.17534246575342466 0.7808219178082192 0.24383561643835616 0.8321917808219177 0.25753424657534246 0.8342465753424658 0.3232876712328767 0.8712328767123287 0.3178082191780822 0.897945205479452 0.31232876712328766 0.9123287671232876 0.3506849315068493 0.9452054794520548 0.4 0.9287671232876711 0.4328767123287671 0.9657534246575342 0.4273972602739726 0.9945205479452054 0.4219178082191781 0.9924657534246575 0.5808219178082191 0.9575342465753426 0.5972602739726027 0.973972602739726 0.7452054794520548 0.9369863013698629 0.6082191780821918 0.8876712328767123 0.5917808219178082 0.8506849315068493 0.5863013698630137 0.8383561643835616 0.536986301369863 0.8301369863013697 0.49863013698630143 0.7993150684931507 0.5287671232876713 0.7684931506849315 0.5945205479452055 0.7520547945205479 0.6164383561643836 0.75 0.6794520547945205 0.7068493150684931 0.6904109589041095 0.6965753424657534 0.6191780821917808 0.673972602739726 0.6136986301369863 0.5917808219178082 0.6904109589041095 0.5424657534246575 0.673972602739726 0.4931506849315068 0.6301369863013698 0.4664383561643836 0.663013698630137 0.39863013698630134 0.673972602739726 0.3513698630136986 0.6684931506849315 0.3184931506849315 0.6684931506849315 0.3205479452054794 0.6301369863013698 0.34726027397260273 0.6082191780821918 0.36164383561643837 0.5808219178082191 0.34520547945205476 0.5534246575342465 0.33493150684931505 0.5534246575342465 0.3102739726027397 0.5698630136986301 0.3061643835616438 0.6082191780821918 0.2876712328767123 0.663013698630137 0.2691780821917808 0.7287671232876712 0.2547945205479452 0.7561643835616438
2 0.0061643835616438354 0.7123287671232876 0.16643835616438354 0.7068493150684931 0.15 0.6356164383561644 0.0061643835616438354 0.5863013698630137
2 0.8404109589041096 0.6958904109589041 0.6595890410958902 0.6684931506849315 0.673972602739726 0.5205479452054794 0.9986301369863013 0.5315068493150685 0.976027397260274 0.7013698630136986 0.9863013698630136 0.6931506849315069
1 0.06986301369863013 0.9835616438356163 0.21780821917808219 0.7287671232876712 0.04726027397260274 0.7232876712328767 0.002054794520547945 0.7452054794520548 0.002054794520547945 0.9753424657534246
4 0.5301369863013699 0.9972602739726029 0.3061643835616438 0.7643835616438356 0.2691780821917808 0.7123287671232876 0.2897260273972603 0.7041095890410959 0.3328767123287671 0.7205479452054795 0.5897260273972602 0.8602739726027397 0.6102739726027397 0.9589041095890409 0.6575342465753424 0.9835616438356163 0.671917808219178 0.9041095890410957 0.8321917808219177 0.9315068493150684 0.8424657534246575 0.989041095890411
4 0.31438356164383563 0.9972602739726029 0.2897260273972603 0.8493150684931507 0.3226027397260274 0.8273972602739726 0.3636986301369863 0.8465753424657534 0.44794520547945205 0.9917808219178084
4 0.9821917808219177 0.7890410958904109 0.336986301369863 0.7068493150684931 0.34520547945205476 0.6958904109589041 0.4006849315068493 0.684931506849315 0.9965753424657534 0.7178082191780822
