0 0.20136986301369864 0.8 0.022602739726027398 0.8136986301369863 0.024657534246575342 0.7671232876712328 0.0061643835616438354 0.6657534246575342 0.13972602739726026 0.663013698630137 0.14383561643835616 0.7616438356164383
0 0.2198630136986301 0.7890410958904109 0.20136986301369864 0.7315068493150685 0.27123287671232876 0.6684931506849315 0.32671232876712325 0.6410958904109588 0.3184931506849315 0.6684931506849315
0 0.8650684931506849 0.6684931506849315 0.5136986301369862 0.6410958904109588 0.5302974474786795 0.6294475975395953 0.5527397260273973 0.6136986301369863 0.6534246575342465 0.6191780821917808 0.7397260273972602 0.6301369863013698 0.8465753424657534 0.6246575342465753
0 0.9965753424657534 0.6794520547945205 0.9226027397260274 0.6684931506849315 0.9287671232876711 0.6219178082191781 0.9945205479452054 0.6191780821917808
0 0.1541095890410959 0.6356164383561644 0.08013698630136985 0.6438356164383562 0.00410958904109589 0.6136986301369863 0.010273972602739725 0.0136986301369863 0.1952054794520548 0.0410958904109589 0.25273972602739725 0.08767123287671233 0.28561643835616435 0.14794520547945206 0.3308219178082192 0.19726027397260273 0.3328767123287671 0.273972602739726 0.373972602739726 0.2958904109589041 0.3821917808219178 0.336986301369863 0.4191780821917808 0.35342465753424657 0.41506849315068484 0.3917808219178082 0.39452054794520547 0.4191780821917808 0.4191780821917808 0.4602739726027397 0.45205479452054786 0.4301369863013699 0.49931506849315066 0.34520547945205476 0.5650684931506849 0.3726027397260274 0.6 0.4219178082191781 0.5979452054794521 0.4465753424657535 0.5712328767123287 0.5041095890410959 0.5383561643835616 0.5780821917808219 0.5188318393747963 0.611082935682483 0.5116374325944036 0.6974158170471948 0.493651415643422 0.6916602916228807 0.5008458224238147 0.5995718848338548 0.4886153308971472 0.5784682916113697 0.477104280048519 0.6014903933086262 0.47998204276067596 0.6859047661985666 0.46631266987792996 0.6859047661985666 0.4677515512340085 0.5957348678843121 0.4591182630975373 0.6101236814450973 0.4598377037755766 0.6791899865368669 0.4303406359759667 0.6667196814508529 0.41235461902498505 0.6494531051779106 0.4037213308885139 0.6168384611067972 0.3677492969865506 0.5995718848338548 0.2886108224022315 0.6408198170414391 0.27134424612928915 0.6398605628040537 0.23753053426144372 0.6187569695815686 0.19436409357908788 0.5918978509347693 0.15551429696496755 0.5918978509347693
1 0.03904109589041096 0.9506849315068493 0.34315068493150686 0.6410958904109588 0.39452054794520547 0.6410958904109588 0.563013698630137 0.7150684931506849 0.9678082191780821 0.8821917808219178 0.9863013698630136 0.9835616438356163 0.030821917808219176 0.9917808219178084
4 0.17671232876712328 0.684931506849315 0.06986301369863013 0.18630136986301374
4 0.25376712328767126 0.6767123287671234 0.039041095890410986 0.11506849315068493
4 0.8763698630136986 0.5273972602739726 0.15821917808219182 0.9287671232876713
4 0.5712328767123287 0.5575342465753426 0.06164383561643824 0.3424657534246575
