0 0.12280132933452215 0.6346275431628435 0.06322444678609061 0.5438437221366622 0.06808786576963603 0.475755856367026 0.06200859204020426 0.3703817783902084 0.18116235713706733 0.3606549404231176 0.21642214476777175 0.3979411526302992 0.2127745805301126 0.4627867390775716 0.1957526140877036 0.493588392640026 0.18724163086649914 0.5179054875577532 0.19818432357947635 0.5632973980708438 0.17386722866174917 0.5973413309556619 0.1446867147604766 0.6184161465510254 0.1410391505228175 0.6540812190970251
0 0.27235146307854413 0.6273810488773608 0.2370916754478398 0.6322444678609062 0.2079111615465672 0.6127907919267245 0.20547945205479448 0.5949582556537245 0.2395233849396125 0.5787468590419064 0.2504660776525897 0.5463240658182702 0.26505633460322603 0.49606873632163406 0.29180513901272587 0.4604036637756343 0.299100267488044 0.4296020102131798 0.3258490718975439 0.4101483342789981 0.363540569020021 0.3728621220718164 0.40609548512604354 0.3631352841047255 0.42311745156845254 0.33719704952581664 0.45716138445327054 0.3647564237659074 0.5118748480181566 0.4101483342789981 0.5106589932722703 0.44257112750263433 0.5009321553051794 0.4798573397098159 0.48634189835454317 0.49931101564399766 0.4510821107238388 0.5009321553051795 0.4401394180108616 0.5236281105617249 0.4401394180108616 0.573883440058361 0.41095890410958896 0.5722623003971792 0.3854259544459755 0.5852314176866337 0.35989300478236186 0.590094836670179 0.31490637918456665 0.591715976331361 0.2881575747750668 0.6063062332819973
0 0.7562616519413146 0.59982167463727 0.757477506687201 0.5349760881899975 0.7526140877036555 0.49606873632163406 0.727081138040042 0.5074167139499067 0.6893896409175649 0.48958417767690693 0.6808786576963606 0.4377077085190889 0.6833103671881331 0.36961984274945275 0.6808786576963606 0.34206046850936206 0.7064116073599739 0.3436816081705439 0.7343762665153603 0.308016535624544 0.7586933614330873 0.2950474183350895 0.7963848585555644 0.33071249088108945 0.8243495177109508 0.3534084461376347 0.872983707546405 0.3777255410553618 0.9082434951771092 0.3874523790224527 0.9289130258571775 0.3971792169895436 0.9398557185701547 0.3631352841047255 0.9483667017913592 0.3193645132528167 0.9848423441679498 0.31287995460808943 0.9957850368809271 0.32747021155872574 0.9970008916268135 0.6014428142984518 0.9824106346761772 0.6014428142984518 0.9507984112831319 0.5803679987030883 0.9289130258571775 0.5884736970089973 0.9094593499229957 0.5868525573478155 0.8875739644970413 0.5852314176866337 0.8571775958498823 0.5852314176866337 0.8207019534732916 0.5933371159925427 0.7890897300802463 0.5933371159925427
0 0.01215854745886358 0.8686876874442732 0.9921374726432681 0.7568290508227284 0.9921374726432681 0.6498338331847289 0.9678203777255409 0.6595606711518197 0.9362081543324956 0.6093053416551836 0.7343762665153603 0.6028207830104563 0.6918213504093377 0.5963362243657291 0.6760152387128149 0.6093053416551836 0.7039798978682011 0.6352435762340926 0.693037205155224 0.6806354867471832 0.6954689146469967 0.6936046040366377 0.6346761773526789 0.682256626408365 0.6152225014184971 0.60606306233282 0.6006322444678608 0.60606306233282 0.5836102780254517 0.6287590175893653 0.5738834400583609 0.6741509281024559 0.5678041663289292 0.700089162681365 0.5045797195428385 0.7065737213260921 0.5021480100510658 0.6725297884412743 0.4936370268298613 0.6449704142011834 0.47783091513333864 0.6109264813163653 0.513090702764043 0.6109264813163653 0.5276809597146793 0.6044419226716381 0.5021480100510658 0.5898516657210018 0.4401394180108616 0.5930939450433654 0.34530274783172565 0.6028207830104563 0.3088271054551349 0.6125476209775472 0.29666855799627134 0.6255167382670016 0.33922347410229386 0.6303801572505471 0.44865040123206607 0.6157899002999108 0.4267650158061116 0.6546972521682742 0.42311745156845254 0.6871200453919105 0.4219015968225662 0.7146794196320013 0.4194698873307935 0.7227851179379102 0.3866418091918618 0.716300559293183 0.3209856529139985 0.726027397260274 0.25776120612790787 0.7308908162438195 0.14590256950636293 0.7308908162438195 0.0036475642376590737 0.7438599335332738
0 0.0924049606873632 0.6871200453919105 0.09483667017913591 0.6384858555564562 0.11915376509686308 0.6401069952176379 0.13982329577693114 0.6595606711518197 0.1471184242522493 0.6352435762340926 0.17265137391586283 0.6514549728459106 0.17265137391586283 0.6806354867471832
0 0.02431709491772716 0.6725297884412743 0.0024317094917727156 0.682256626408365 0.004863418983545431 0.6384858555564562 0.08389397746615869 0.6336224365729107 0.08510983221204507 0.648212693523547
1 0.8116438356164383 0.6904109589041095 0.0595890410958904 0.7397260273972602 0.002054794520547945 0.7452054794520548 0.18082191780821918 0.673972602739726 0.1643835616438356 0.6164383561643836 0.24041095890410957 0.6301369863013698 0.38630136986301367 0.6575342465753424 0.4561643835616438 0.6712328767123288 0.6965753424657534 0.6794520547945205
4 0.09657534246575342 0.5671232876712329 0.17671232876712328 0.4219178082191782
4 0.2691780821917808 0.6027397260273972 0.03287671232876711 0.28493150684931506
4 0.6678082191780821 0.4794520547945206 0.057534246575342465 0.5095890410958904
