0 0.10684931506849313 0.9917808219178084 0.410958904109589 0.4767123287671232 0.38630136986301367 0.4767123287671232 0.00410958904109589 0.7616438356164383 0.0 0.9917808219178084 0.09041095890410959 0.9835616438356163
0 0.5671232876712329 0.547945205479452 0.6082191780821917 0.5205479452054794 0.9904109589041096 0.663013698630137 0.9945205479452054 0.7726027397260274
0 0.4972602739726027 0.5095890410958904 0.4664383561643836 0.4876712328767123 0.46232876712328763 0.4684931506849315 0.4787671232876713 0.4657534246575342 0.558904109589041 0.5150684931506849
1 0.14178082191780822 0.9726027397260275 0.3636986301369863 0.5753424657534246 0.39657534246575343 0.4931506849315068 0.42123287671232873 0.4657534246575342 0.46232876712328763 0.47123287671232883 0.560958904109589 0.536986301369863 0.9904109589041096 0.7890410958904109 0.9883561643835616 0.9863013698630136 0.15821917808219177 0.9863013698630136
3 0.014383561643835616 0.7479452054794521 0.39246575342465756 0.47123287671232883 0.3678082191780822 0.47123287671232883 0.0061643835616438354 0.6301369863013698
4 0.2671232876712329 0.489041095890411 0.08219178082191786 0.2109589041095891
4 0.5979452054794521 0.4397260273972603 0.049315068493150704 0.19452054794520549
4 0.5167808219178082 0.33698630136986296 0.06369863013698626 0.3671232876712328
4 0.6832191780821917 0.2958904109589041 0.05136986301369859 0.526027397260274
4 0.9164383561643835 0.33013698630136984 0.06575342465753409 0.6
