0 0.17876712328767122 0.9397260273972603 0.4952054794520548 0.5945205479452055 0.40890410958904105 0.5780821917808219 0.014383561643835616 0.810958904109589 0.13972602739726026 0.8410958904109589 0.14178082191780822 0.9452054794520548
0 0.5835616438356164 0.821917808219178 0.5835616438356164 0.5178082191780822 0.6205479452054794 0.5178082191780822 0.6513698630136986 0.5397260273972603 0.6698630136986301 0.5424657534246575 0.9308219178082191 0.7178082191780822 0.9328767123287672 0.7780821917808219 0.9883561643835616 0.8356164383561644
0 0.523972602739726 0.5863013698630137 0.4664383561643836 0.5753424657534246 0.5363013698630137 0.5287671232876713 0.563013698630137 0.5342465753424658
0 0.0061643835616438354 0.6219178082191781 0.35547945205479453 0.5506849315068493 0.3493150684931507 0.5123287671232877 0.0061643835616438354 0.5506849315068493
0 0.5917808219178081 0.3424657534246575 0.184931506849315 0.3178082191780822
0 0.4171232876712328 0.47534246575342465 0.11506849315068486 0.16164383561643839
0 0.25376712328767126 0.410958904109589 0.16232876712328767 0.4
1 0.13150684931506848 0.9726027397260275 0.5568493150684931 0.5342465753424658 0.5856164383561644 0.5342465753424658 0.5856164383561644 0.8328767123287671 0.9883561643835616 0.863013698630137 0.9883561643835616 0.989041095890411
1 0.014383561643835616 0.7753424657534247 0.5157534246575343 0.5397260273972603 0.45205479452054786 0.5260273972602739 0.0061643835616438354 0.663013698630137
3 0.13356164383561644 0.9698630136986301 0.560958904109589 0.5287671232876713 0.5835616438356164 0.536986301369863 0.5753424657534246 0.9780821917808218
4 0.0708904109589041 0.8945205479452055 0.13356164383561642 0.18356164383561635
4 0.7664383561643834 0.7246575342465753 0.07397260273972606 0.3095890410958904
4 0.743835616438356 0.2863013698630137 0.0945205479452055 0.5397260273972603
