0 0.9986301369863013 0.9863013698630136 0.0061643835616438354 0.9808219178082191 0.002054794520547945 0.9013698630136986 0.9904109589041096 0.8986301369863015
0 0.9965753424657534 0.6465753424657534 0.0061643835616438354 0.6684931506849315 0.002054794520547945 0.6 0.2773578760617729 0.599241589307049 0.9965753424657534 0.5972602739726027
0 0.033904109589041095 0.4328767123287671 0.059589041095890416 0.3178082191780822
0 0.11095890410958904 0.5027397260273972 0.0452054794520548 0.189041095890411
0 0.2147260273972603 0.4726027397260274 0.05958904109589039 0.2602739726027397
0 0.28972602739726017 0.5123287671232877 0.0328767123287669 0.16986301369863002
0 0.44280821917808233 0.4671232876712326 0.07602739726027384 0.22739726027397253
0 0.6452054794520548 0.4232876712328767 0.09863013698630141 0.30410958904109586
0 0.7510273972602738 0.5178082191780823 0.05136986301369867 0.136986301369863
0 0.8753424657534247 0.452054794520548 0.07808219178082197 0.29041095890410956
4 0.6657534246575342 0.4424657534246576 0.06164383561643831 0.4410958904109589
