0 0.7273972602739726 0.5315068493150685 0.75 0.5041095890410959 0.7109589041095891 0.4958904109589042 0.6657534246575342 0.5260273972602739
0 0.3698630136986301 0.5315068493150685 0.4438356164383562 0.49863013698630143 0.5321917808219178 0.4849315068493151 0.6308219178082192 0.4876712328767123 0.6904109589041095 0.4438356164383562 0.7335616438356163 0.4493150684931507 0.7746575342465754 0.4739726027397261 0.782876712328767 0.4876712328767123 0.8157534246575342 0.4876712328767123 0.8157534246575342 0.4410958904109589 0.8321917808219177 0.4246575342465754 0.8897260273972603 0.43561643835616437 0.9061643835616437 0.41643835616438357 0.8958904109589041 0.34794520547945207 0.8671232876712328 0.30684931506849317 0.8424657534246575 0.26575342465753427 0.8054794520547945 0.2684931506849315 0.7623287671232876 0.29041095890410956 0.7417808219178081 0.33424657534246577 0.7212328767123287 0.3835616438356164 0.7089041095890409 0.4219178082191781 0.6780821917808219 0.36164383561643837 0.6452054794520548 0.3232876712328767 0.6267123287671232 0.31232876712328766 0.5815068493150685 0.27123287671232876 0.5260273972602739 0.2383561643835616 0.4931506849315068 0.2 0.4315068493150685 0.17260273972602738 0.3636986301369863 0.1863013698630137 0.2958904109589041 0.23013698630136986 0.2897260273972603 0.30684931506849317 0.27534246575342464 0.3780821917808219 0.28561643835616435 0.4328767123287671 0.3226027397260274 0.4547945205479452 0.3390410958904109 0.49863013698630143 0.34315068493150686 0.5205479452054794
1 0.9945205479452054 0.9863013698630136 0.12534246575342464 0.9780821917808218 0.5301369863013699 0.7013698630136986 0.9883561643835616 0.7753424657534247
1 0.43561643835616437 0.5561643835616439 0.7027397260273972 0.5808219178082191 0.75 0.4657534246575342 0.6554794520547945 0.4739726027397261 0.46438356164383554 0.5260273972602739 0.35547945205479453 0.5260273972602739
3 0.7068493150684931 0.5534246575342465 0.747945205479452 0.4821917808219178 0.7787671232876712 0.4958904109589042 0.7808219178082192 0.5643835616438356
4 0.3801369863013699 0.7164383561643836 0.08219178082191782 0.30958904109589036
4 0.4777397260273972 0.48082191780821915 0.09657534246575337 0.4630136986301369
4 0.714041095890411 0.4246575342465754 0.04315068493150676 0.2465753424657534
4 0.5917808219178081 0.5232876712328768 0.05342465753424662 0.10410958904109585
4 0.8301369863013699 0.3356164383561644 0.049315068493150566 0.4575342465753425
