0 0.1421232876712329 0.810958904109589 0.3236301369863014 0.821917808219178 0.34417808219178087 0.7452054794520548 0.1934931506849315 0.7452054794520548
0 0.3698630136986301 0.663013698630137 0.4434931506849315 0.663013698630137 0.4503424657534246 0.6356164383561644 0.398972602739726 0.6191780821917808
0 0.2568493150684932 0.7315068493150685 0.2671232876712329 0.37534246575342456 0.21575342465753422 0.34246575342465746 0.18150684931506852 0.21369863013698626 0.13013698630136986 0.013698630136986259 0.3664383561643835 -4.218847493575595e-17 0.42808219178082185 0.09863013698630133 0.4914383561643835 0.1917808219178082 0.48630136986301364 0.2657534246575342 0.511986301369863 0.284931506849315 0.5565068493150684 0.44657534246575337 0.5924657534246575 0.5095890410958903 0.5770547945205479 0.547945205479452 0.5547945205479452 0.5643835616438355 0.5308219178082191 0.5753424657534246 0.5085616438356164 0.5342465753424657 0.48972602739726023 0.5205479452054793 0.4640410958904109 0.5150684931506848 0.46746575342465746 0.5726027397260274 0.4811643835616437 0.6 0.44863013698630133 0.6027397260273972 0.4503424657534246 0.5178082191780821 0.4263698630136986 0.5041095890410958 0.422945205479452 0.5561643835616438 0.410958904109589 0.5972602739726027 0.38698630136986295 0.5205479452054794 0.3664383561643835 0.4958904109589042 0.3424657534246575 0.45205479452054786 0.3133561643835616 0.4273972602739726 0.30821917808219174 0.726027397260274
0 0.1523972602739726 0.5424657534246575 0.11986301369863012 0.4273972602739726 0.11472602739726029 0.35342465753424657 0.1523972602739726 0.35342465753424657
0 0.23116438356164384 0.5287671232876713 0.2243150684931507 0.46301369863013697 0.1952054794520548 0.3726027397260274 0.2636986301369863 0.3917808219178082 0.2534246575342466 0.4547945205479452 0.2328767123287671 0.4739726027397261
2 0.9914383561643835 0.35342465753424657 0.8561643835616438 0.410958904109589 0.8578767123287672 0.4931506849315068 0.6541095890410957 0.5095890410958904 0.6626712328767124 0.41643835616438357 0.9160958904109591 0.24383561643835616 0.922945205479452 0.16164383561643836 0.9914383561643835 0.10136986301369863
2 0.011986301369863013 0.547945205479452 0.273972602739726 0.5397260273972603 0.2688356164383562 0.4684931506849315 0.003424657534246575 0.4602739726027397 0.0017123287671232876 0.547945205479452
1 0.005136986301369863 0.8849315068493151 0.10445205479452055 0.8164383561643835 0.3133561643835616 0.8054794520547945 0.3561643835616438 0.7561643835616438 0.3082191780821918 0.7397260273972602 0.3578767123287671 0.6520547945205479 0.42294520547945214 0.6575342465753424 0.4982876712328767 0.6082191780821918 0.5702054794520548 0.5698630136986301 0.6113013698630136 0.5863013698630137 0.738013698630137 0.7123287671232876 0.9965753424657534 0.9863013698630136 0.003424657534246575 0.9835616438356163
3 0.5821917808219178 0.9863013698630136 0.5428082191780822 0.673972602739726 0.5496575342465754 0.6054794520547945 0.5821917808219178 0.5589041095890411 0.5976027397260274 0.5753424657534246 0.636986301369863 0.6575342465753424 0.714041095890411 0.7397260273972602 0.8236301369863014 0.8767123287671232 0.9058219178082192 0.9917808219178084
4 0.19006849315068494 0.8493150684931507 0.18664383561643835 0.39452054794520547 0.2243150684931507 0.3726027397260274 0.23458904109589043 0.26301369863013696 0.23458904109589043 0.20821917808219179 0.1832191780821918 0.18082191780821918 0.19006849315068494 0.14246575342465753 0.2808219178082192 0.13150684931506848 0.2893835616438356 0.21095890410958906 0.3167808219178082 0.2191780821917808 0.33390410958904115 0.1095890410958904 0.3099315068493151 0.07671232876712329 0.1832191780821918 0.06575342465753424 0.14554794520547945 0.07397260273972603 0.1541095890410959 0.8602739726027397
4 0.32534246575342474 0.6273972602739725 0.0582191780821918 0.16438356164383564
