0 0.20342465753424657 0.4410958904109589 0.11301369863013697 0.40821917808219177 0.1458904109589041 0.38904109589041097 0.37602739726027395 0.4931506849315068 0.33493150684931505 0.4876712328767123 0.21575342465753425 0.4876712328767123 0.20136986301369864 0.4684931506849315
0 0.5321917808219179 0.5095890410958905 0.11917808219178089 0.0821917808219178
0 0.7561643835616435 0.6356164383561644 0.24246575342465737 0.18630136986301363
1 0.973972602739726 0.8876712328767123 0.36575342465753424 0.49863013698630143 0.12123287671232877 0.5095890410958904 0.07397260273972603 0.3835616438356164 0.012328767123287671 0.40273972602739727 0.00821917808219178 0.9863013698630136 0.9904109589041096 0.9753424657534246
3 0.10890410958904109 0.4876712328767123 0.0821917808219178 0.38904109589041097 0.1643835616438356 0.410958904109589 0.2815068493150685 0.5095890410958904
4 0.2568493150684932 0.5150684931506849 0.10684931506849313 0.0767123287671233
4 0.522945205479452 0.584931506849315 0.14178082191780825 0.09041095890410958
4 0.7510273972602739 0.8041095890410959 0.256849315068493 0.189041095890411
4 0.4006849315068493 0.4493150684931507 0.0945205479452055 0.17534246575342466
4 0.3143835616438356 0.44794520547945205 0.05342465753424655 0.07945205479452057
