0 0.5917808219178082 0.9917808219178084 0.3801369863013699 0.6410958904109588 0.4294520547945206 0.6246575342465753 0.5383561643835616 0.684931506849315 0.9554794520547945 0.9917808219178084
0 0.717123287671233 0.6273972602739726 0.42534246575342466 0.6 0.4458904109589041 0.5753424657534246 0.7212328767123287 0.5917808219178082
0 0.8136986301369863 0.6301369863013698 0.7561643835616438 0.6246575342465753 0.7561643835616438 0.5917808219178082 0.8301369863013697 0.5863013698630137
0 0.9801369863013698 0.6520547945205479 0.8876712328767123 0.6438356164383562 0.8732876712328766 0.5972602739726027 0.8958904109589041 0.5863013698630137 0.9904109589041096 0.6054794520547945
0 0.08835616438356164 0.673972602739726 0.10068493150684932 0.6136986301369863 0.07191780821917808 0.5534246575342465 0.026712328767123282 0.47123287671232883 0.002054794520547945 0.41643835616438357 0.00821917808219178 0.0 0.671917808219178 0.005479452054794521 0.6410958904109588 0.057534246575342465 0.6143835616438356 0.0821917808219178 0.5856164383561644 0.07671232876712329 0.5650684931506849 0.11232876712328768 0.5794520547945206 0.16986301369863013 0.5527397260273973 0.2054794520547945 0.5342465753424658 0.2547945205479452 0.5034246575342466 0.29315068493150687 0.46438356164383554 0.3205479452054794 0.3801369863013699 0.3178082191780822 0.31643835616438354 0.3232876712328767 0.3719178082191781 0.3698630136986301 0.39657534246575343 0.4191780821917808 0.39452054794520547 0.4602739726027397 0.40273972602739727 0.5452054794520548 0.39246575342465756 0.5698630136986301 0.373972602739726 0.5780821917808219 0.3205479452054794 0.6219178082191781 0.28356164383561644 0.6191780821917808 0.2650684931506849 0.5315068493150685 0.2363013698630137 0.5260273972602739 0.22397260273972602 0.5424657534246575 0.2506849315068493 0.6410958904109588 0.1952054794520548 0.6602739726027397 0.17260273972602738 0.6575342465753424 0.19726027397260273 0.5534246575342465 0.17876712328767122 0.5260273972602739 0.1643835616438356 0.6821917808219178 0.14383561643835616 0.7041095890410959 0.08835616438356164 0.7150684931506849
0 0.9904109589041096 0.5589041095890411 0.9945205479452054 0.0 0.7315068493150685 0.005479452054794521 0.7376712328767124 0.03561643835616438 0.7150684931506849 0.06301369863013699 0.6863013698630137 0.0821917808219178 0.6698630136986301 0.1095890410958904 0.6349315068493151 0.1095890410958904 0.6575342465753424 0.13972602739726028 0.6657534246575342 0.17260273972602738 0.643150684931507 0.17534246575342466 0.6143835616438356 0.18082191780821918 0.6082191780821917 0.21643835616438356 0.6267123287671232 0.2465753424657534 0.643150684931507 0.29315068493150687 0.6657534246575342 0.29041095890410956 0.6349315068493151 0.34794520547945207 0.6534246575342465 0.38904109589041097 0.6164383561643836 0.40821917808219177 0.5671232876712329 0.4 0.560958904109589 0.4219178082191781 0.5363013698630137 0.43561643835616437 0.4972602739726027 0.4438356164383562 0.47054794520547943 0.4931506849315068 0.4828767123287671 0.5205479452054794 0.5013698630136986 0.5205479452054794 0.5157534246575343 0.5150684931506849 0.5178082191780822 0.5452054794520548 0.5260273972602739 0.5643835616438356 0.5321917808219178 0.5150684931506849 0.5712328767123287 0.5041095890410959 0.6082191780821917 0.5123287671232877 0.6184931506849315 0.5424657534246575 0.6390410958904109 0.5698630136986301 0.6616438356164384 0.5780821917808219 0.6493150684931507 0.5205479452054794 0.6657534246575342 0.5150684931506849 0.6821917808219178 0.5643835616438356 0.7068493150684931 0.5835616438356165 0.7068493150684931 0.49863013698630143 0.7561643835616438 0.4493150684931507 0.7582191780821916 0.4273972602739726 0.7397260273972602 0.4273972602739726 0.7397260273972602 0.3780821917808219 0.7890410958904109 0.4301369863013699 0.8013698630136986 0.4876712328767123 0.8136986301369863 0.5178082191780822 0.8301369863013697 0.5589041095890411 0.8404109589041096 0.6 0.8589041095890412 0.6 0.8506849315068493 0.4931506849315068 0.8404109589041096 0.4438356164383562 0.8465753424657534 0.4219178082191781 0.8486301369863013 0.3561643835616438 0.8753424657534247 0.33424657534246577 0.897945205479452 0.336986301369863 0.8773972602739726 0.3726027397260274 0.8712328767123287 0.41643835616438357 0.8897260273972603 0.4410958904109589 0.9102739726027397 0.4219178082191781 0.9205479452054794 0.4684931506849315 0.9431506849315068 0.4958904109589042 0.9493150684931506 0.5260273972602739 0.9534246575342464 0.5643835616438356 0.9636986301369863 0.5753424657534246
2 0.7458904109589041 0.5753424657534246 0.4828767123287671 0.5863013698630137 0.4849315068493151 0.5150684931506849 0.7520547945205479 0.4547945205479452
2 0.29383561643835615 0.6082191780821918 0.2897260273972603 0.536986301369863 0.018493150684931507 0.47123287671232883 0.01643835616438356 0.6054794520547945
1 0.01643835616438356 0.8958904109589041 0.3 0.6410958904109588 0.33493150684931505 0.6246575342465753 0.38630136986301367 0.663013698630137 0.46232876712328763 0.9863013698630136 0.0061643835616438354 0.9698630136986301
4 0.07602739726027397 0.8657534246575342 0.16643835616438354 0.7616438356164383 0.1684931506849315 0.6575342465753424 0.053424657534246564 0.6712328767123288
4 0.9883561643835616 0.7232876712328767 0.5280821917808219 0.6219178082191781 0.42123287671232873 0.5945205479452055 0.4315068493150685 0.5589041095890411 0.563013698630137 0.5780821917808219 0.7253424657534246 0.5863013698630137 0.9883561643835616 0.5972602739726027
