0 0.38424657534246576 0.673972602739726 0.45410958904109594 0.6219178082191781 0.39452054794520547 0.6136986301369863 0.336986301369863 0.6410958904109588 0.32671232876712325 0.6575342465753424
0 0.5054794520547945 0.6054794520547945 0.49931506849315066 0.5068493150684932 0.44178082191780826 0.4904109589041096 0.3904109589041096 0.4931506849315068 0.3595890410958904 0.4767123287671232 0.35342465753424657 0.3506849315068493 0.3390410958904109 0.2465753424657534 0.38424657534246576 0.20273972602739726 0.3226027397260274 0.13972602739726028 0.34726027397260273 0.10684931506849316 0.39657534246575343 0.049315068493150684 0.47054794520547943 0.0136986301369863 0.5404109589041096 0.010958904109589041 0.5773972602739725 0.049315068493150684 0.6102739726027397 0.024657534246575342 0.6246575342465753 0.10684931506849316 0.6102739726027397 0.17260273972602738 0.5383561643835616 0.1863013698630137 0.5260273972602739 0.2273972602739726 0.5486301369863014 0.23013698630136986 0.5691780821917808 0.28493150684931506 0.5856164383561644 0.3205479452054794 0.6184931506849315 0.3780821917808219 0.6472602739726027 0.410958904109589 0.6472602739726027 0.4767123287671232 0.5815068493150685 0.5150684931506849 0.5650684931506849 0.5917808219178082 0.5404109589041096 0.6082191780821918
2 0.9719178082191781 0.547945205479452 0.6760273972602739 0.5534246575342465 0.5465753424657535 0.5589041095890411 0.5650684931506849 0.4904109589041096 0.7746575342465754 0.4246575342465754 0.9945205479452054 0.41643835616438357
2 0.2506849315068493 0.5287671232876713 0.23013698630136986 0.06027397260273972
2 0.0523972602739726 0.5287671232876713 0.1047945205479452 0.07123287671232881
1 0.5527397260273973 0.9972602739726029 0.9986301369863013 0.989041095890411 0.9184931506849314 0.8712328767123287 0.5835616438356164 0.9205479452054794 0.42534246575342466 0.9753424657534246
1 0.5260273972602739 0.673972602739726 0.563013698630137 0.5972602739726027 0.6493150684931507 0.6027397260273972 0.8445205479452055 0.673972602739726 0.7602739726027398 0.684931506849315
3 0.4787671232876713 0.6712328767123288 0.5116438356164383 0.5972602739726027 0.45410958904109594 0.6082191780821918 0.3801369863013699 0.6712328767123288
4 0.3852739726027397 0.5643835616438356 0.06780821917808226 0.23013698630136986
4 0.896917808219178 0.4136986301369863 0.05958904109589056 0.5150684931506849
